(0, 0, 0) (100, 0, 0) (100, 200, 0) (0, 200, 0) (0, 0, 100) (100, 0, 100) (100, 200, 100) (0, 200, 100)
7
(30, 10, 0) (50, 10, 0) (50, 30, 0) (30, 30, 0) (30, 10, 10) (50, 10, 10) (50, 30, 10) (30, 30, 10)
(20, 30, 0) (60, 30, 0) (60, 50, 0) (20, 50, 0) (20, 30, 20) (60, 30, 20) (60, 50, 20) (20, 50, 20)
(10, 60, 0) (50, 60, 0) (50, 100, 0) (10, 100, 0) (10, 60, 30) (50, 60, 30) (50, 100, 30) (10, 100, 30)
(20, 70, 30) (30, 70, 30) (30, 80, 30) (20, 80, 30) (20, 70, 40) (30, 70, 40) (30, 80, 40) (20, 80, 40)
(30, 80, 30) (50, 80, 30) (50, 100, 30) (30, 100, 30) (30, 80, 40) (50, 80, 40) (50, 100, 40) (30, 100, 40)
(40, 90, 40) (50, 90, 40) (50, 100, 40) (40, 100, 40) (40, 90, 50) (50, 90, 50) (50, 100, 50) (40, 100, 50)
(40, 90, 50) (50, 90, 50) (50, 100, 50) (40, 100, 50) (40, 90, 60) (50, 90, 60) (50, 100, 60) (40, 100, 60)
2
(0, 0.5, 0.5) 90 90
(1, 1, 0.5) 90 90
